0: (67,-1,156)
1: (50,28,91)
2: (123,73,149)
3: (116,36,177)
4: (120,118,120)
5: (78,35,116)
6: (92,66,138)
7: (80,81,144)
8: (76,42,130)
9: (98,56,164)
10: (81,70,190)
11: (74,59,178)
12: (55,8,194)
13: (87,132,136)
14: (112,8,112)
15: (83,104,193)
16: (66,32,200)
17: (69,39,192)
18: (95,46,199)
19: (62,26,195)
20: (42,75,200)
21: (51,12,142)
22: (98,55,140)
23: (98,143,146)
24: (52,43,146)
25: (53,9,193)
26: (42,80,170)
27: (66,79,92)
28: (36,45,154)
29: (51,17,167)
30: (84,13,132)
31: (83,-6,114)
32: (81,56,189)
33: (76,42,142)
34: (116,25,95)
35: (92,28,157) (97,244,108)
36: (81,44,130)
37: (76,-1,198)
38: (44,23,200)
39: (62,60,180)
40: (95,2,147)
41: (59,124,142)
42: (88,7,158) (94,132,110)
43: (65,98,95)
44: (81,83,145)
45: (83,39,113)
46: (33,41,124)
47: (27,28,146)
48: (21,10,185)
49: (47,17,198)
50: (76,26,180)
51: (105,69,203)
52: (79,154,99)
53: (42,55,195)
54: (62,40,189)
55: (71,74,195)
56: (58,35,191)
57: (35,15,150)
58: (96,67,88)
59: (99,9,143)
60: (40,20,110)
61: (60,103,197)
62: (61,27,166)
63: (61,88,181)
64: (44,81,132)
65: (62,37,136)
66: (69,55,128)
67: (30,47,194)
68: (109,83,132)
69: (75,43,202)
70: (67,25,110)
71: (81,108,138)
72: (89,101,206)
73: (41,50,194)
74: (84,57,181)
75: (47,34,123)
76: (93,9,149)
77: (69,22,191)
78: (88,19,124) (86,175,152)
79: (82,7,153) (84,166,141)
80: (87,18,131) (89,188,146)
81: (81,-6,186) (88,147,202)
82: (142,30,98) (147,287,121)
83: (106,-8,112) (114,153,127)
84: (39,40,93) (41,117,128)
85: (35,0,117) (37,73,191)
86: (70,37,91) (76,87,192)
87: (62,6,162) (69,201,120)
88: (103,18,157) (106,185,113)
89: (110,10,104) (111,122,199)
90: (81,21,92) (73,125,200)
91: (89,14,113) (91,110,139)
92: (92,-18,204) (95,140,122)
93: (78,18,117) (80,122,186)
94: (95,23,178) (98,181,116)
95: (92,25,210)
96: (86,5,145) (91,159,109)
97: (67,8,129) (66,121,104)
98: (101,31,206) (95,168,102)
99: (61,100,94) (58,175,128)
100: (92,36,127) (102,179,89)
101: (84,19,95) (92,146,113)
102: (90,-17,208) (88,178,138)
103: (50,-10,212) (58,181,91)
104: (103,20,143) (101,153,163)
105: (120,-16,173) (113,214,142)
106: (101,15,88) (113,102,169)
107: (71,12,147) (80,140,107)

