0: (48,26)
1: (61,20) (63,140)
2: (25,55)
3: (33,18) (35,118)
4: (43,5) (45,110)
5: (30,30)
6: (56,-10) (60,92)
7: (56,-1) (60,121)
8: (48,58)
9: (27,1) (28,100)
10: (43,-2) (43,99)
11: (38,-5) (40,100)
12: (36,20)
13: (58,36)
14: (53,74)
15: (58,7) (58,105) (59,198)
16: (46,65)
17: (70,101)
18: (106,20) (111,259)
19: (83,10) (84,110) (85,230)
20: (35,30)
21: (54,65)
22: (59,93)
23: (40,0)
24: (54,99)
25: (36,-5)
26: (62,30) (67,177)
27: (46,36)
28: (12,68)
29: (50,59)
30: (34,28)
31: (42,26)
32: (55,2) (56,101)
33: (32,52)
34: (52,32)
35: (63,97)
36: (48,13)
37: (73,109)
38: (54,43)
39: (19,31)
40: (95,88) (95,179)
41: (30,23)
42: (28,0)
43: (24,10)
44: (49,7)
45: (56,37)
46: (77,24) (79,129)
47: (30,0)
48: (36,3)
49: (30,20)
50: (38,20)
51: (35,21)
52: (23,45)
53: (34,39)
54: (35,36)
55: (27,36)
56: (25,15)
57: (60,50)
58: (31,6)
59: (66,204)
60: (47,34)
61: (51,17)
62: (32,30)
63: (37,42)
64: (54,99)
65: (45,45)
66: (64,35) (68,130)
67: (27,17)
68: (58,6) (61,117)
69: (41,29)
70: (41,-1)
71: (38,47)
72: (46,72)
73: (54,10)
74: (63,78)
75: (58,53)
76: (47,65)
77: (16,21)
78: (35,19)
79: (46,39)
80: (64,58)
81: (59,122)
82: (65,99)
83: (36,31)
84: (39,66)
85: (54,17)
86: (72,42) (72,156)
87: (59,4)
88: (74,90)
89: (50,18)
90: (61,85)
91: (45,67)
92: (56,7)
93: (55,78)
94: (46,23)
95: (54,72)
96: (51,15)
97: (77,100)
98: (51,2) (53,116)
99: (24,-7)
100: (30,3)
101: (16,11)
102: (29,0)
103: (72,90)
104: (48,10) (53,117)
105: (62,34) (64,136)
106: (50,69)
107: (42,20)
108: (77,19) (78,123)
109: (49,23)
110: (56,84)
111: (24,-4)
112: (30,26)
113: (52,-3) (53,94)
114: (31,16)
115: (69,58)
116: (51,41)
117: (79,6) (80,126)
118: (36,39)
119: (19,7)
120: (17,20)
121: (48,32)
122: (56,-5) (56,100)
123: (26,9)
124: (25,29)
125: (40,30)
126: (28,10)
127: (42,27)
128: (35,36)
129: (72,115)
130: (42,33)
131: (55,39)
132: (83,28) (85,131)
133: (35,44)
134: (17,31)
135: (46,28)
136: (26,15)
137: (41,46)
138: (39,42)
139: (40,1)
140: (62,4)
141: (30,23)
142: (41,15)
143: (50,11) (49,124)
144: (31,0)
145: (35,18)
146: (45,69)
147: (45,11)
148: (39,29)
149: (45,27)
150: (69,68)
151: (40,20)
152: (38,38)
153: (36,25)
154: (46,28)
155: (51,48)
156: (37,20)
157: (41,17)
158: (36,18)
159: (76,17)
160: (34,71)
161: (40,29)
162: (26,54)
163: (38,33)
164: (46,50)
165: (62,31) (61,137)
166: (43,27)
167: (34,22)
168: (49,52)
169: (47,31)
